185
62
51
101
185
182
9
105
22
25
48
22
49
49
51
37
65
35
35
8
102
22
48
22
22
37
182
37
102
169
211
48
254
256
123
7
398
66
41
31
153
56
155
38
28
9
39
18
72
81
56
129
28
48
83
50
121
89
64
97
28
163
10
121
18
123
28
66
38
29
10
50
139
7
8
74
31
99
21
91
91
18
20
18
10
129
56
56
18
56
38
7
48
41
31
58
10
10
9
9
0
0
0
7
10
10
10
10
10
0
13
0
0
7
0
0
0
0
0
10
0
0
0
20
18
7
0
0
0
0
10
5
0
0
0
0
0
7
40
68
41
23
23
10
52
53
53
10
10
13
9
105
9
209
10
39
21
20
10
82
28
11
11
39
17
12
31
50
31
11
21
41
52
10
41
54
13
28
66
7
12
23
12
9
43
9
32
23
11
33
121
137
105
97
8
11
67
113
81
9
147
10
13
12
12
13
12
9
11
11
12
12
10
31
12
11
16
10
31
15
13
31
28
21
10
31
11
53
13
11
34
14
24
10
77
61
60
41
12
103
19
211
7
10
29
31
21
66
81
115
9
10
107
48
48
9
7
66
7
9
11
29
11
43
9
9
9
81
11
91
201
161
349
66
5
8
8
8
26
5
8
8
8
8
8
8
5
8
8
8
8
5
8
5
8
8
8
8
179
168
78
8
474
8
5
249
88
8
8
46
8
5
18
15
68
6
48
5
5
